[1] pry(main)> CrazyTurtles::Solver.results
=> [[[1, 2], [3, 1], [4, 0], [8, 1], [0, 3], [7, 0], [2, 3], [6, 0], [5, 0]],
 [[1, 2], [3, 1], [6, 0], [8, 1], [0, 3], [7, 0], [2, 3], [4, 0], [5, 0]],                                                                                              
 [[2, 0], [8, 2], [1, 3], [4, 1], [0, 0], [3, 2], [5, 1], [7, 1], [6, 1]],                                                                                              
 [[2, 0], [8, 2], [1, 3], [6, 1], [0, 0], [3, 2], [5, 1], [7, 1], [4, 1]],
 [[4, 0], [3, 1], [7, 0], [2, 0], [8, 2], [1, 3], [6, 1], [0, 0], [5, 1]],
 [[4, 2], [2, 1], [6, 1], [0, 1], [8, 3], [3, 2], [5, 2], [1, 0], [7, 1]],
 [[4, 3], [7, 3], [5, 3], [3, 0], [0, 2], [6, 3], [1, 1], [8, 0], [2, 2]],
 [[5, 2], [4, 2], [2, 1], [7, 2], [0, 1], [8, 3], [6, 2], [3, 3], [1, 0]],
 [[5, 2], [6, 2], [2, 1], [7, 2], [0, 1], [8, 3], [4, 2], [3, 3], [1, 0]],
 [[5, 3], [0, 2], [4, 3], [1, 1], [8, 0], [2, 2], [7, 2], [3, 3], [6, 2]],
 [[5, 3], [0, 2], [6, 3], [1, 1], [8, 0], [2, 2], [7, 2], [3, 3], [4, 2]],
 [[6, 0], [3, 1], [7, 0], [2, 0], [8, 2], [1, 3], [4, 1], [0, 0], [5, 1]],
 [[6, 2], [2, 1], [4, 1], [0, 1], [8, 3], [3, 2], [5, 2], [1, 0], [7, 1]],
 [[6, 3], [7, 3], [5, 3], [3, 0], [0, 2], [4, 3], [1, 1], [8, 0], [2, 2]],
 [[7, 3], [1, 2], [5, 0], [3, 0], [8, 1], [0, 3], [4, 3], [2, 3], [6, 0]],
 [[7, 3], [1, 2], [5, 0], [3, 0], [8, 1], [0, 3], [6, 3], [2, 3], [4, 0]]]
[2] pry(main)> CrazyTurtles::Solver.results.count
=> 16
[3] pry(main)> 

